15 54
1 0.0 0.0 4
2 1.0 0.5 2
3 2.0 1.0 8
4 3.0 0.0 5
5 4.0 1.0 11
6 5.0 0.0 3
7 0.0 2.0 10
8 1.0 2.0 12
9 2.0 2.0 14
10 3.0 2.0 9
11 4.0 2.0 13
12 5.0 2.0 6
13 1.0 3.0 0
14 3.0 3.0 7
15 5.0 3.0 1
1 2 4 -1
1 7 6 -1
1 3 7 2
2 1 4 -1
2 3 3 -1
2 8 5 -1
2 9 6 -1
3 2 3 -1
3 4 4 -1
3 9 5 -1
3 1 7 2
3 5 6 4
4 3 4 -1
4 5 2 -1
4 10 6 -1
5 4 2 -1
5 6 3 -1
5 11 4 -1
5 3 6 4
6 5 3 -1
6 12 5 -1
7 1 6 -1
7 8 2 -1
7 13 3 -1
8 2 5 -1
8 7 2 -1
8 9 2 -1
8 13 4 -1
9 3 5 -1
9 8 2 -1
9 10 2 -1
9 14 3 -1
9 2 6 -1
9 11 4 10
10 4 6 -1
10 9 2 -1
10 11 2 -1
10 15 5 -1
11 5 4 -1
11 10 2 -1
11 12 2 -1
11 15 3 -1
11 9 4 10
12 6 5 -1
12 11 2 -1
13 8 4 -1
13 14 4 -1
13 7 3 -1
14 9 3 -1
14 13 4 -1
14 15 4 -1
15 10 5 -1
15 14 4 -1
15 11 3 -1
